3264
14423
49430
53311
4439
31600
22336
35141
19003
39511
38347
21247
4192
30216
64719
57580
37175
19264
59992
64094
12000
27789
46551
51673
11003
13282
44379
24681
61133
30158
17626
56614
25951
36199
18893
61535
8255
24431
12725
8603
62200
6508
4068
13677
30007
40609
35154
52909
25963
30038
21421
21568
15979
2777
47734
51952
55290
32878
2300
41261
36018
7964
1503
61907
58731
34926
19309
64236
3059
48807
54034
1741
29143
62570
37004
53293
60827
33288
16006
7773
42513
29267
14688
31880
8722
25091
24856
12151
47005
16250
55281
63370
61870
11719
9202
29265
48513
209
50312
42717
48911
39508
61260
11164
57169
50132
36288
33494
24054
57616
9654
34210
41283
11594
26013
41701
62195
54262
10444
8917
60740
36701
60748
46496
49545
1502
38791
10181
48698
40105
43077
56964
42902
9653
37270
38030
65533
45632
61145
61843
17956
62392
3678
59434
19385
16085
28549
2912
252
18441
49556
12874
42417
41341
11650
4678
3980
31270
39578
60049
18086
63152
29283
50134
54024
6428
42763
7765
51283
44686
22487
36775
34513
19584
1041
51278
49592
29581
26044
42788
10630
26254
38285
28624
64827
56576
16431
22540
11867
10223
27924
32621
63427
42296
34892
64933
8065
62978
9813
7468
17757
40730
57770
37612
56272
52412
361
45235
52503
29559
34287
13886
33524
1384
12058
44542
35601
17024
61161
48442
29901
9186
38455
44432
44282
41495
59156
52711
461
48149
21595
21821
27256
5607
49021
53340
35700
10720
24554
5865
61488
2681
33121
29278
56645
17816
64529
21734
4460
37050
45316
25814
30666
30677
8966
3535
14744
37792
40590
28920
24711
36688
42473
52223
17419
1496
20735
393
51950
33753
34034
14098
30175
37323
52852
49819
38836
57810
60894
20479
53966
43588
58460
2212
14625
61856
25012
4800
27463
30349
39247
17882
1073
52997
48729
62109
3904
63714
8622
62249
22435
35932
19362
26753
1661
64107
34611
63539
19280
11791
30389
38143
3131
48186
13089
52265
52068
49896
39432
51676
53642
10490
12730
16247
7245
7672
2882
43346
46786
18232
21791
7313
50568
48949
43971
27485
16852
63627
21724
37966
51862
18463
25526
50112
5231
42486
42659
47276
60097
29176
17099
54687
51765
22094
5129
7910
22904
56170
32024
39888
13426
53123
75
8250
635
11168
7607
12096
56864
53254
59497
5824
62987
63802
5145
24355
40992
8635
59158
25143
2781
39823
13361
8366
21223
17460
60761
63145
7302
36141
56546
30367
22563
45074
61400
46401
36510
20117
15198
37601
52228
16850
32795
54731
58838
51347
36185
7922
43823
11887
10338
13726
22958
1459
22336
51701
8070
137
26548
30450
15000
47800
16090
30082
29526
33033
23392
31213
59825
32284
7683
40107
57223
6768
64006
57057
59482
48872
60511
55999
34537
14917
17384
61305
14164
33666
21057
51658
30137
28751
62233
33506
54842
47415
4639
51926
27122
36761
1471
12077
46444
26014
63810
44136
32268
57697
62359
24678
54736
23318
45990
36299
36157
36469
32592
48174
41716
10758
45603
53266
19807
49057
56197
36561
52600
59551
19799
24565
43005
39470
19036
56603
3287
4923
29432
9695
53581
10645
30240
7280
14562
14253
30317
62433
63737
31724
32851
33005
7314
22023
4327
56159
13834
45730
11265
18312
15616
57787
14434
28311
31833
36256
38769
24702
37031
5655
14377
5237
65364
734
45155
25742
52291
57724
24795
16193
25344
51451
60800
52661
31720
731
47373
2323
33147
22384
57003
647
38961
5444
21242
29496
22652
50025
54616
57679
43157
11693
20200
18388
59257
3172
15643
7813
52554
24361
7468
26489
25736
57359
15372
63574
15431
62008
17914
7813
13085
39190
55741
30538
54848
23537
55398
63605
29993
16595
15058
45622
31163
2597
42311
27015
58452
43026
30340
21012
41868
59840
38363
37198
56914
16222
10904
57459
48488
9481
49508
19230
13433
13184
14745
16773
13388
63367
24607
47984
23596
30509
3667
6414
4588
40351
23867
35742
4801
53007
22248
49078
23929
22083
5321
3993
25828
43420
26878
56449
63822
9533
48573
41856
20151
34922
26581
44138
3190
34030
7036
43317
55061
1275
54349
32873
18447
32398
21900
45140
40400
1834
26154
101
33262
45122
16236
32045
20932
38825
60696
20430
12058
41113
60826
54691
26897
54611
32575
18154
16899
24383
12377
13588
49902
63530
27253
37392
53625
56065
28601
51882
36807
63823
13387
44633
46808
34153
28660
28598
63920
27466
29836
27006
746
54413
47136
38397
35926
19056
31984
49398
49772
62427
45253
34830
18681
4416
36884
47749
3141
31994
4837
47119
43033
10488
57593
5837
48329
25104
60280
17309
34778
58067
45973
35985
37551
19203
19051
17822
11098
33437
48717
37315
39810
34682
44970
2348
64614
34701
23372
38278
65200
24511
27586
45823
46684
19615
12309
62656
16274
65235
29984
33000
65059
19936
45263
57572
9
26675
42492
20821
12408
56400
19478
59146
9856
60477
62071
48874
23827
52833
7010
50061
2931
22062
59768
48805
64076
50993
43841
46262
64480
40733
48716
22814
55888
767
52733
36144
61217
18801
11295
51666
20487
13192
29297
23883
51240
43200
49099
2451
16190
56124
10252
43093
56094
16907
30611
35710
2237
49791
20582
49533
47571
8384
13250
48680
57419
38509
64985
6673
31361
29958
9815
46281
8152
31940
9710
273
50654
4142
19228
13989
38984
27902
7606
37466
64111
23635
62695
21755
46487
27313
19778
23017
40088
15491
42966
37426
35158
20924
42710
32259
7154
56059
52167
38672
29610
49393
46489
6446
44994
52049
15718
27956
12390
54301
1746
52058
44460
3730
26498
14371
33492
51893
18415
28575
18182
30648
22933
28816
38986
27791
45809
21096
2642
42736
17312
47046
32428
64093
18941
14853
57286
21155
56016
29517
47457
48081
61978
4570
30978
56624
28047
33588
5235
51637
46189
3789
21814
18119
55532
36766
21200
34374
19578
45449
35951
25323
9347
40049
14833
21161
45363
8643
36303
55652
17753
52305
51792
29775
30178
64423
56793
58053
27460
32325
10616
51591
46894
52980
43803
57546
18389
15264
57240
57521
51160
15765
49379
60204
61683
15906
36843
16829
63465
56748
63689
10664
23682
45154
16463
15857
41052
49493
52530
23659
62921
11497
39396
26144
5279
52389
6176
17430
30850
27304
18841
56260
14941
53415
23276
45819
4283
30615
52455
3510
20332
47185
9410
61802
47606
23738
